Vector3d(-16.00, 3.00, -16.00),
Vector3d(-14.49, 3.00, -15.08),
Vector3d(-15.81, 3.00, -13.96),
Vector3d(-14.85, 3.00, -12.92),
Vector3d(-15.79, 3.00, -11.88),
Vector3d(-14.23, 3.00, -9.62),
Vector3d(-13.28, 3.00, -7.36),
Vector3d(-12.85, 3.00, -6.94),
Vector3d(-12.13, 3.00, -4.77),
Vector3d(-11.04, 3.00, -4.74),
Vector3d(-9.28, 3.00, -4.28),
Vector3d(-8.95, 3.00, -4.05),
Vector3d(-8.59, 3.00, -4.60),
Vector3d(-6.57, 3.00, -4.35),
Vector3d(-4.33, 3.00, -5.41),
Vector3d(-3.73, 3.00, -4.70),
Vector3d(-1.15, 3.00, -4.67),
Vector3d(-0.84, 3.00, -2.06),
Vector3d(0.70, 3.00, -2.04),
Vector3d(1.55, 3.00, -3.02),
Vector3d(0.36, 3.00, -1.90),
Vector3d(1.74, 3.00, -0.56),
Vector3d(2.81, 3.00, 0.08),
Vector3d(2.22, 3.00, 1.07),
Vector3d(3.83, 3.00, 2.13),
Vector3d(4.93, 3.00, 3.69),
Vector3d(5.50, 3.00, 3.34),
Vector3d(4.88, 3.00, 3.83),
Vector3d(3.94, 3.00, 4.27),
Vector3d(2.67, 3.00, 5.91),
Vector3d(3.31, 3.00, 6.80),
Vector3d(4.64, 3.00, 7.78),
Vector3d(2.68, 3.00, 8.45),
Vector3d(3.03, 3.00, 9.84),
Vector3d(1.48, 3.00, 10.30),
Vector3d(1.98, 3.00, 10.93),
Vector3d(2.43, 3.00, 11.67),
Vector3d(3.74, 3.00, 12.38),
Vector3d(4.86, 3.00, 12.93),
Vector3d(5.91, 3.00, 13.55),
Vector3d(6.30, 3.00, 12.24),
Vector3d(7.66, 3.00, 11.72),
Vector3d(8.24, 3.00, 11.21),
Vector3d(9.17, 3.00, 11.93),
Vector3d(10.90, 3.00, 12.60),
Vector3d(9.02, 3.00, 13.36),
Vector3d(10.76, 3.00, 14.17),
Vector3d(11.74, 3.00, 14.41),
Vector3d(12.98, 3.00, 15.50),
Vector3d(12.21, 3.00, 13.56),
Vector3d(13.47, 3.00, 12.54),
Vector3d(14.12, 3.00, 11.33),
Vector3d(15.13, 3.00, 12.40),
Vector3d(15.19, 3.00, 13.37),
Vector3d(15.14, 3.00, 14.69),
Vector3d(13.46, 3.00, 14.17),
Vector3d(14.61, 3.00, 15.77),
Vector3d(13.19, 3.00, 14.69),
Vector3d(13.55, 3.00, 15.48),
Vector3d(14.43, 3.00, 15.23),
Vector3d(15.11, 3.00, 15.32),
Vector3d(15.99, 3.00, 15.96)
